2.631698009731098242e-01
-1.736011821506153741e-01
-1.548941345422316374e-01
-1.277884655120563373e+00
4.764641102952497098e-01
1.344454080198384804e-01
-1.680878061451371863e-01
-1.290872177003000720e+00
6.988975241003803074e-01
3.503586971599959021e-01
7.777731543481500864e-01
1.829368781899856966e+00
-1.334088150027071151e+00
4.242140911561999017e-01
-2.778858219656852313e-01
-2.226331392288066535e+00
-8.769636523416400598e-02
-6.939365476509755659e-01
6.883966728763400711e-02
-1.318739790766497277e+00
7.355144837488136744e-01
-3.225972628520160868e+00
2.483834643254722252e+00
2.569781329395736780e+00
-1.682585954825126073e+00
-1.268134339815206513e+00
1.614087108570407159e+00
1.860491082253652229e+00
-3.221301123029903235e-01
-4.363360875832935082e-01
-7.967767496837832031e-01
7.752853516067039763e-01
2.469220019296626489e+00
3.956633559412106593e-01
-7.388717820308235984e-01
-4.525829316529679236e-01
